           1 -1010181648
           1       32765
           1           6
           1           0
           1     2228238
           1           0
           1 -1195589312
           1       32650
           1 -1195760720
           1       32650
           1           0
           1           3
           1 -1201834975
           1       32650
           1 -1010182480
           1       32765
           1        2054
           1           0
           1     2228238
           1           0
           1           1
           1           0
           1       33188
           1           0
           1           0
           1           0
           1           0
           1           0
           1       96616
           1           0
           1        4096
           1           0
           1         192
           1           0
           1  1548892188
           1           0
           1   169305390
           1           0
           1  1532758421
           1           0
           1           0
           1           0
           1 -1197783212
           1       32650
           1   826051134
           1           0
           1 -1214386417
           1       32650
           1           0
           1           0
           1 -1197818227
           1       32650
           1           0
           1       32650
           1           1
           1           0
           1 -1195765760
           1       32650
           1 -1205950630
           1       32650
           1           0
           1           0
           1 -1197818227
           1       32650
           1           0
           1           0
           1           1
           1           0
           1           1
           1           0
           1           0
           1           0
           1 -1010181656
           1       32765
           1           0
           1           0
           1           0
           1           0
           1           1
           1           0
           1           0
           1           0
           1          14
           1           0
           1 -1195760720
           1       32650
           1 -1010181856
           1       32765
           1 -1010181664
           1       32765
           1 -1010181665
           1       32765
           1           0
           1           0
           1           0
           1           0
           1 -1195761968
           1       32650
           1 -1010181600
           1       32765
           1 -1195760720
           1       32650
           1 -1010178848
           1       32765
           1         832
           1           0
           1  1179403647
           1       65794
           1           0
           1           0
           1     4063235
           1           1
           1       10944
           1           0
           1          64
           1           0
           1       94888
           1           0
           1           0
           1     3670080
           1     4194311
           1     1703963
           1           1
           1           5
           1           0
           1           0
           1           0
           1           0
           1           0
           1           0
           1       90720
           1           0
           1       90720
           1           0
           1     2097152
           1           0
           1           1
           1           6
           1       93640
           1           0
           1     2190792
           1           0
           1     2190792
           1           0
           1         944
           1           0
           1        1640
           1           0
           1     2097152
           1           0
           1           2
           1           6
           1       93664
           1           0
           1     2190816
           1           0
           1     2190816
           1           0
           1         496
           1           0
           1         496
           1           0
           1           8
           1           0
           1           4
           1           4
           1         456
           1           0
           1         456
           1           0
           1         456
           1           0
           1          36
           1           0
           1          36
           1           0
           1           4
           1           0
           1  1685382480
           1           4
           1       81652
           1           0
           1       81652
           1           0
           1       81652
           1           0
           1        1596
           1           0
           1        1596
           1           0
           1           4
           1           0
           1  1685382481
           1           6
           1           0
           1           0
           1           0
           1           0
           1           0
           1           0
           1           0
           1           0
           1           0
           1           0
           1          16
           1           0
           1  1685382482
           1           4
           1       93640
           1           0
           1     2190792
           1           0
           1     2190792
           1           0
           1         568
           1           0
           1         568
           1           0
           1           1
           1           0
           1           4
           1          20
           1           3
           1     5590599
           1   431939730
           1   142987817
           1  1466801359
           1  1223411540
           1 -1286266175
           1           0
           1         131
           1          21
           1          16
           1          10
           1   402856979
           1    16786436
           1  1409319169
           1   277349892
           1   134251648
           4 -2147153920
           4   272629762
           4 -1241509820
           4   550535170
           4 -2104491839
           4    67109236
           4    46147592
           2   537592136
           2   671220176
           2  1610888467
           2   553701996
           2  1080061955
           2  1611170002
           2       81920
           2         384
           2   134226962
           2  1225261585
           2   153354688
           2   538978321
           2 -1509211384
           2   134826114
           2   205783816
           2  1326586890
           2   193397190
           2  -845773727
           2   214286852
           2  -871441502
           2          21
           2          22
           2          25
           2           0
           2          28
           2           0
           2          30
           2          31
           2          33
           2          36
           2          38
           2           0
           2          39
           2          41
           2          42
           2          45
           2          47
           2          50
           2          51
           2          54
           2           0
           2          55
           2          56
           2          60
           2          61
           2          63
           2          64
           2          65
           2 -1010179728
           2       32765
           2 -1010179632
           2       32765
           2           0
           2           0
           2 -1214386417
           2       32650
           2 -1010180336
           2       32765
           2 -1214388472
           2       32650
           2 -1197783212
           2       32650
           2           0
           2           0
           2 -1195760672
           2       32650
           2           5
           2           0
           2 -1197809825
           2       32650
           2 -1195591184
           2       32650
           2 -1010179728
           2       32765
           2           0
           2           0
           2 -1197783212
           2       32650
           2    17471141
           2           0
           2 -1195765760
           2       32650
           2           1
           2           0
           2 -1197809825
           2       32650
           2 -1195764480
           2       32650
           2           0
           2       32650
           2 -1010180464
           2       32765
           2 -1205974576
           2       32650
           2    46047790
           2           0
           2 -1201850554
           2       32650
           2 -1201899232
           2       32650
           2 -1206039956
           2       32650
           2           2
           2       32650
           2           0
           2       32650
           2 -1010180400
           2       32765
           2 -1197783212
           2       32650
           2 -1010180416
           2       32765
           2 -1195765760
           2       32650
           2           1
           2           0
           2 -1197809825
           2       32650
           2 -1195764480
           2       32650
           2 -1195764480
           2       32650
           2 -1010180336
           2       32765
           2 -1205974576
           2       32650
           2     7281335
           2           0
           2 -1201867478
           2       32650
           2 -1201900240
           2       32650
           2 -1206039956
           2       32650
           2           2
           2       32650
           2           0
           2       32650
           2 -1010180272
           2       32765
           2           3
           2       32650
           2 -1010180288
           2       32765
           2           0
           2       32650
           2 -1195759056
           2       32650
           2           0
           2           0
           2           7
           2           0
           2 -1195764480
           2       32650
           2 -1010180208
           2       32765
           2   466005475
           2           0
           2 -1195764904
           2       32650
           2 -1010180120
           2       32765
           2 -1195758648
           2       32650
           2 -1195765760
           2       32650
           2           0
           2           0
           2 -1197809169
           2       32650
           2           2
           2           0
           2 -1195758648
           2       32650
           2           1
           2           0
           2           0
           2           0
           2           1
           2           0
           2 -1195765760
           2       32650
           2 -1201867478
           2       32650
           2 -1197809169
           2           1
           2 -1010180288
           2       32765
           2 -1010180272
           2       32765
           2 -1195764904
           2       32650
           2           0
           2           0
           2           1
           2           0
           2 -1195765760
           2       32650
           2          -1
           2           0
           2 -1197809169
           2           1
           2 -1206020632
           2       32650
           2 -1195764480
           2       32650
           2 -1195764904
           2       32650
           2           0
           2           0
           2           1
           2           0
           2 -1195765760
           2       32650
           2          -1
           2           0
           2  1990448464
           2           1
           2 -1206001120
           2       32650
           2 -1197861296
           2       32650
           2 -1010179072
           2       32765
           2  1957673456
           2       22041
           2 -1010178848
           2       32765
           2           0
           2           0
           2           0
           2           0
           2 -1197789501
           2       32650
           2           1
           2           0
           2           0
           2           0
           2  1990447712
           2       22041
           2 -1206020632
           2       32650
           2 -1010179136
           2       32765
           2 -1197758518
           2       32650
           2           1
           2           0
           2  1957676032
           2       22041
           2          31
           2           0
           2 -1201806192
           2       32650
           2           3
           2           0
           2 -1201930880
           2       32650
           2 -1201930880
           2       32650
           2 -1197758518
           2       32650
           2           1
           2           0
           2     7235940
           2           0
           2           6
           2           0
           2        8064
           2       65535
           2          24
           2           0
           2  1990448464
           2       22041
           2           0
           2           0
           2 -1197758518
           2       32650
           2  1073741824
           2           0
           2           0
           2           0
           2 -1010179184
           2       32765
           2        8064
           2       65535
           2 -1197859006
           2       32650
           2  1990448464
           2       22041
           2           0
           2           0
           2           0
           2           0
           2          -1
           2          -1
           2          -1
           2          -1
           2           4
           2           4
           2        8064
           2       65535
           2           0
           2           0
           2           0
           2           0
           2           0
           2      -65536
           2           0
           2      -65536
           2         125
           2         126
           2         127
           2         128
           2 -1201935312
           2       32650
           2 -1201935312
           2       32650
           2          14
           2           0
           2          14
           2           0
           2           0
           2           0
           2           0
           2           0
           2 -1201806192
           2       32650
           2   335544320
           2           0
           2 -1201806192
           2       32650
           2   335544320
           2           0
           2 -1205788896
           2       32650
           2    16777216
           2           0
           2           0
           2           0
           2           0
           2           0
           2           0
           2           0
           2           0
           2           0
           2           0
           2           0
           2           0
           2           0
           2           0
           2           0
           2           0
           2           0
           2           0
           2           0
           2           0
           2           0
           2           0
           2           0
           2           0
           2           0
           2           0
           2           0
           2           0
           2           0
           2           0
           2           0
           4           0
           4           0
           3           0
           3           0
           3           0
           3           0
           3           0
           3           0
           3           0
           3           0
           3           0
           3           0
           3           0
           3           0
           3           0
           3           0
           3           0
           3           0
           3           0
           3           0
           3           0
           3           0
           3           2
           3           0
           3          14
           3 -2147483648
           3           0
           3           0
           3           0
           3           0
           3           0
           3           0
           3           0
           3           0
           3           0
           3           0
           3   204764672
           3  -185854183
           3           2
           3           0
           3   204764672
           3  -185854183
           3 -1201806192
           3       32650
           3 -1205789338
           3       32650
           3 -1201806192
           3       32650
           3    16777216
           3           0
           3           0
           3           0
           3           0
           3           0
           3           0
           3           0
           3           0
           3           0
           3           0
           3           0
           3           0
           3           0
           3           0
           3           0
           3           0
           3           0
           3           0
           3           0
           3           0
           3           0
           3           0
           3           0
           3           0
           3           0
           3           0
           3           0
           3           0
           3           0
           3           0
           3           0
           3   268435456
           3       32650
           3           0
           3           0
           3           0
           2           0
           3           0
           2           0
           3           0
           3           0
           3           0
           3           0
           3           0
           3           0
           3           0
           3           0
           3           0
           3           0
           3           0
           3           0
           3           0
           3           0
           3           2
           3           0
           3          14
           3 -2147483648
           3           0
           3           0
           3           0
           2           0
           2           0
           2           0
           2           0
           3           0
           3           0
           3           0
           3   204764672
           3  -185854183
           3           2
           3           0
           3           0
           3  -185854183
           3           0
           3           0
           3   204764672
           3  -185854183
